31,4
31,1
31,3
32,7
32,4
32,5
32,1
32,3
28,5
35,4
35,1
35,3
29,4
30,1
30,3
29,5
29,1
29,3
28,1
28,3
36,5
36,4
36,1
36,3
34,4
26,4
26,1
26,3
25,4
25,1
25,3
14,5
34,5
34,3
3,2
3,1
3,3
10,95
10,85
10,147
10,263
10,200
10,77
10,26
10,1
10,35
10,2
10,3
11,13
11,28
11,7
11,23
11,22
11,18
11,17
11,1
11,12
11,2
11,3
9,7
9,1
9,5
9,2
9,3
8,4
8,18
8,12
8,10
8,14
8,15
8,1
8,17
8,2
8,3
0,318
12,2
12,1
12,3
20,2
20,1
20,3
19,2
19,1
19,3
18,1
18,3
14,1
14,4
14,3
13,1
13,3
34,93
34,92
34,91
34,90
34,89
34,88
34,87
34,86
34,85
34,84
34,83
34,82
34,81
34,80
34,79
34,78
34,77
34,76
34,75
34,74
34,73
34,72
34,71
34,70
34,69
34,68
